<TICKER>,<PER>,<DATE>,<TIME>,<OPEN>,<HIGH>,<LOW>,<CLOSE>,<VOL>
GAZP,D,20100301,000000,168.70000,170.71000,166.33000,168.20000,58511166
GAZP,D,20100302,000000,167.98000,171.21000,167.26000,169.51000,50287139
GAZP,D,20100303,000000,168.89000,171.10000,167.12000,170.10000,50211947
GAZP,D,20100304,000000,169.04000,174.44000,168.37000,172.27000,72166688
GAZP,D,20100305,000000,174.06000,177.56000,173.76000,176.80000,90368301
GAZP,D,20100309,000000,176.62000,178.09000,174.34000,175.47000,58860930
GAZP,D,20100310,000000,174.80000,177.71000,172.65000,173.77000,64130850
GAZP,D,20100311,000000,173.01000,174.69000,170.40000,170.62000,49240452
GAZP,D,20100312,000000,172.40000,174.70000,171.47000,172.71000,58569566
GAZP,D,20100315,000000,171.60000,172.70000,168.91000,169.27000,45483972
GAZP,D,20100316,000000,169.95000,171.98000,169.53000,171.35000,40957005
GAZP,D,20100317,000000,173.02000,174.22000,170.69000,171.94000,58350355
GAZP,D,20100318,000000,171.20000,173.29000,170.35000,170.60000,46455714
GAZP,D,20100319,000000,171.01000,171.97000,166.39000,167.06000,60944936
GAZP,D,20100322,000000,166.32000,169.64000,164.89000,169.29000,68271396
GAZP,D,20100323,000000,170.02000,170.33000,165.96000,167.60000,58209362
GAZP,D,20100324,000000,168.00000,168.96000,164.72000,164.85000,54015845
GAZP,D,20100325,000000,165.00000,166.00000,160.11000,162.30000,95035318
GAZP,D,20100326,000000,161.90000,162.74000,159.49000,161.10000,79313075
GAZP,D,20100329,000000,160.95000,165.14000,160.01000,164.55000,57981050
GAZP,D,20100330,000000,165.38000,170.67000,165.20000,170.44000,105989776
GAZP,D,20100331,000000,170.00000,173.86000,169.51000,171.50000,96441019
GAZP,D,20100401,000000,172.46000,176.14000,172.33000,175.00000,94908340
GAZP,D,20100402,000000,176.15000,176.70000,173.11000,175.34000,46522737
GAZP,D,20100405,000000,176.37000,176.55000,173.87000,175.88000,29090638
GAZP,D,20100406,000000,175.51000,178.83000,174.12000,177.10000,107075008
GAZP,D,20100407,000000,177.49000,178.04000,174.75000,174.99000,59478100
GAZP,D,20100408,000000,174.01000,176.99000,172.76000,174.54000,67325864
GAZP,D,20100409,000000,175.98000,176.63000,174.04000,175.15000,55841194
GAZP,D,20100412,000000,176.16000,177.48000,174.18000,175.93000,50074436
GAZP,D,20100413,000000,174.70000,175.92000,173.75000,174.30000,42538315
GAZP,D,20100414,000000,175.57000,181.61000,175.04000,181.40000,103449718
GAZP,D,20100415,000000,182.80000,185.22000,181.45000,185.16000,123009078
GAZP,D,20100416,000000,182.99000,183.86000,179.61000,179.99000,70700047
GAZP,D,20100419,000000,177.00000,177.10000,173.30000,174.51000,84129689
GAZP,D,20100420,000000,175.74000,176.90000,174.30000,175.15000,63843580
GAZP,D,20100421,000000,175.99000,176.75000,171.25000,173.09000,68848602
GAZP,D,20100422,000000,172.25000,175.50000,169.67000,170.70000,73358011
GAZP,D,20100423,000000,171.52000,175.05000,170.85000,175.00000,63994764
GAZP,D,20100426,000000,176.90000,178.68000,175.96000,177.99000,58579972
GAZP,D,20100427,000000,176.69000,176.89000,173.68000,175.60000,49939901
GAZP,D,20100428,000000,171.60000,173.50000,169.85000,170.56000,83968624
GAZP,D,20100429,000000,171.77000,175.40000,171.27000,174.50000,71814184
GAZP,D,20100430,000000,175.10000,175.17000,169.93000,170.00000,55733699
GAZP,D,20100504,000000,171.44000,172.20000,163.98000,164.23000,59163748
GAZP,D,20100505,000000,164.00000,166.50000,161.75000,164.20000,68578527
GAZP,D,20100506,000000,162.98000,167.20000,162.71000,163.79000,64102854
GAZP,D,20100507,000000,160.10000,162.23000,153.50000,155.00000,85190663
GAZP,D,20100511,000000,159.90000,161.90000,157.62000,160.09000,59694316
GAZP,D,20100512,000000,159.49000,166.70000,158.76000,166.07000,70356252
GAZP,D,20100513,000000,166.99000,168.40000,160.89000,162.90000,64735522
GAZP,D,20100514,000000,161.27000,162.84000,158.63000,159.86000,50588094
GAZP,D,20100517,000000,156.88000,162.67000,156.35000,161.38000,66817017
GAZP,D,20100518,000000,162.11000,164.11000,160.01000,163.28000,56102053
GAZP,D,20100519,000000,159.80000,160.57000,156.00000,157.81000,64919897
GAZP,D,20100520,000000,157.73000,160.00000,150.12000,151.05000,79934916
GAZP,D,20100521,000000,151.05000,153.03000,146.75000,150.00000,95733911
GAZP,D,20100524,000000,151.98000,152.99000,147.33000,151.00000,58607267
GAZP,D,20100525,000000,145.77000,147.59000,142.09000,143.00000,70253198
GAZP,D,20100526,000000,145.78000,159.20000,144.61000,158.44000,118146806
GAZP,D,20100527,000000,157.99000,159.72000,153.77000,158.46000,97977981
GAZP,D,20100528,000000,159.17000,159.71000,154.70000,157.88000,72635953
GAZP,D,20100531,000000,157.51000,160.40000,156.61000,159.84000,32960892
GAZP,D,20100601,000000,158.19000,160.31000,154.39000,159.26000,66892664
GAZP,D,20100602,000000,157.21000,164.70000,156.61000,163.80000,87316760
GAZP,D,20100603,000000,166.47000,168.19000,164.68000,164.98000,74433310
GAZP,D,20100604,000000,166.10000,167.91000,161.10000,163.00000,82878818
GAZP,D,20100607,000000,158.19000,161.41000,157.55000,160.59000,60811369
GAZP,D,20100608,000000,161.50000,163.47000,157.01000,157.37000,72999094
GAZP,D,20100609,000000,159.00000,160.60000,157.53000,158.20000,53105224
GAZP,D,20100610,000000,159.15000,159.19000,155.75000,157.79000,64457880
GAZP,D,20100611,000000,158.79000,158.85000,154.90000,156.44000,41808418
GAZP,D,20100615,000000,157.19000,159.78000,156.28000,159.71000,44398281
GAZP,D,20100616,000000,161.00000,161.20000,157.30000,158.80000,47951057
GAZP,D,20100617,000000,158.45000,160.79000,156.39000,156.60000,58676660
GAZP,D,20100618,000000,157.12000,159.49000,156.10000,159.40000,49962438
GAZP,D,20100621,000000,161.76000,163.73000,161.34000,162.88000,48132216
GAZP,D,20100622,000000,161.20000,162.12000,158.70000,159.44000,42072405
GAZP,D,20100623,000000,158.01000,159.58000,157.03000,158.11000,33095432
GAZP,D,20100624,000000,159.00000,159.33000,154.20000,154.70000,45620364
GAZP,D,20100625,000000,154.41000,156.40000,151.75000,152.00000,44315718
GAZP,D,20100628,000000,153.00000,155.81000,152.20000,154.00000,34352316
GAZP,D,20100629,000000,152.13000,152.13000,149.00000,149.85000,41694402
GAZP,D,20100630,000000,149.97000,151.27000,147.03000,149.10000,43550045
GAZP,D,20100701,000000,146.98000,147.77000,143.04000,143.20000,50024329
GAZP,D,20100702,000000,144.80000,148.27000,144.05000,148.25000,41703480
GAZP,D,20100705,000000,147.95000,149.85000,146.85000,148.05000,22976578
GAZP,D,20100706,000000,149.47000,152.70000,148.95000,152.38000,35954278
GAZP,D,20100707,000000,150.66000,153.68000,148.35000,153.47000,43947848
GAZP,D,20100708,000000,154.71000,155.16000,151.70000,151.97000,42110722
GAZP,D,20100709,000000,153.03000,154.51000,150.88000,154.20000,32115196
GAZP,D,20100712,000000,153.68000,157.60000,152.72000,156.13000,41361096
GAZP,D,20100713,000000,155.80000,160.44000,155.10000,159.03000,55370167
GAZP,D,20100714,000000,160.23000,160.85000,157.00000,158.12000,38419687
GAZP,D,20100715,000000,157.89000,161.09000,156.59000,157.10000,50880075
GAZP,D,20100716,000000,157.57000,159.11000,155.15000,155.19000,40559607
GAZP,D,20100719,000000,155.09000,158.27000,154.09000,156.69000,33708371
GAZP,D,20100720,000000,157.69000,158.75000,154.26000,155.47000,35675136
GAZP,D,20100721,000000,156.86000,159.74000,156.40000,158.25000,47566305
GAZP,D,20100722,000000,157.20000,162.44000,157.03000,162.30000,49516607
GAZP,D,20100723,000000,162.50000,162.94000,160.02000,160.90000,37691958
GAZP,D,20100726,000000,162.49000,162.86000,161.00000,162.13000,28755306
GAZP,D,20100727,000000,162.10000,165.24000,161.47000,164.30000,52766610
GAZP,D,20100728,000000,164.80000,165.40000,161.61000,161.79000,38800634
GAZP,D,20100729,000000,162.32000,167.00000,161.73000,165.50000,47328215
GAZP,D,20100730,000000,164.50000,165.09000,160.13000,162.85000,48418713
GAZP,D,20100802,000000,163.99000,169.51000,163.99000,168.99000,53399936
GAZP,D,20100803,000000,169.48000,169.50000,165.05000,165.92000,45622801
GAZP,D,20100804,000000,165.65000,169.35000,163.66000,167.04000,60207530
GAZP,D,20100805,000000,167.55000,169.23000,165.55000,166.95000,53599329
GAZP,D,20100806,000000,167.61000,169.00000,165.26000,166.88000,43944735
GAZP,D,20100809,000000,167.74000,170.64000,167.73000,169.61000,51448076
GAZP,D,20100810,000000,168.78000,169.29000,165.60000,166.53000,49678565
GAZP,D,20100811,000000,165.14000,165.50000,162.09000,162.30000,42790737
GAZP,D,20100812,000000,161.85000,163.48000,160.15000,162.43000,42780897
GAZP,D,20100813,000000,163.41000,163.88000,160.26000,161.26000,35415215
GAZP,D,20100816,000000,161.19000,163.18000,158.91000,163.18000,38312614
GAZP,D,20100817,000000,163.37000,164.70000,162.72000,164.20000,35876721
GAZP,D,20100818,000000,163.90000,164.00000,162.23000,162.40000,27432359
GAZP,D,20100819,000000,163.50000,165.18000,160.04000,160.10000,43431594
GAZP,D,20100820,000000,160.10000,161.17000,157.81000,158.73000,42170720
GAZP,D,20100823,000000,159.25000,159.90000,157.13000,159.11000,32867393
GAZP,D,20100824,000000,157.82000,158.37000,155.46000,156.60000,34765491
GAZP,D,20100825,000000,156.60000,158.33000,154.72000,155.61000,36801051
GAZP,D,20100826,000000,157.42000,158.87000,156.80000,158.70000,40709007
GAZP,D,20100827,000000,157.91000,159.18000,156.50000,158.56000,36583836
GAZP,D,20100830,000000,159.95000,160.44000,158.63000,159.00000,31734434
GAZP,D,20100831,000000,157.54000,159.20000,155.94000,159.15000,37258355
GAZP,D,20100901,000000,159.60000,162.77000,158.07000,161.79000,48730998
GAZP,D,20100902,000000,161.79000,163.57000,161.53000,162.80000,42681209
GAZP,D,20100903,000000,162.99000,164.65000,161.13000,163.00000,49384015
GAZP,D,20100906,000000,164.11000,164.90000,162.80000,162.95000,29482822
GAZP,D,20100907,000000,162.45000,162.45000,160.77000,161.54000,27619419
GAZP,D,20100908,000000,160.87000,164.24000,160.78000,164.14000,42905640
GAZP,D,20100909,000000,163.70000,167.39000,163.21000,165.53000,54572142
GAZP,D,20100910,000000,165.34000,166.37000,163.89000,164.40000,33895923
GAZP,D,20100913,000000,166.24000,166.91000,164.80000,165.00000,39889463
GAZP,D,20100914,000000,164.51000,164.75000,162.43000,163.00000,47407661
GAZP,D,20100915,000000,162.95000,164.13000,161.62000,163.87000,43898286
GAZP,D,20100916,000000,163.07000,163.79000,162.51000,163.17000,29468668
GAZP,D,20100917,000000,164.60000,165.30000,162.01000,162.18000,37763011
GAZP,D,20100920,000000,162.47000,163.44000,161.91000,163.15000,27180422
GAZP,D,20100921,000000,163.37000,164.94000,162.43000,163.14000,34188179
GAZP,D,20100922,000000,162.95000,163.43000,160.79000,160.80000,41656544
GAZP,D,20100923,000000,161.09000,161.65000,158.57000,159.22000,43737115
GAZP,D,20100924,000000,158.77000,158.79000,157.37000,157.97000,48539248
GAZP,D,20100927,000000,159.47000,159.81000,157.10000,157.50000,44995047
GAZP,D,20100928,000000,157.07000,157.70000,155.71000,156.80000,41608656
GAZP,D,20100929,000000,157.50000,159.09000,157.13000,157.85000,42492680
GAZP,D,20100930,000000,157.85000,160.29000,157.81000,160.00000,54723017
GAZP,D,20101001,000000,160.00000,162.01000,159.47000,160.54000,60923751
GAZP,D,20101004,000000,161.40000,163.14000,160.50000,161.99000,61902787
GAZP,D,20101005,000000,162.00000,162.53000,160.31000,162.44000,61546943
GAZP,D,20101006,000000,163.50000,164.40000,162.00000,163.00000,67921495
GAZP,D,20101007,000000,163.27000,164.00000,162.15000,162.49000,43529081
GAZP,D,20101008,000000,162.28000,163.35000,161.36000,163.35000,43243330
GAZP,D,20101011,000000,164.01000,165.15000,163.65000,165.00000,35204894
GAZP,D,20101012,000000,163.40000,163.84000,162.56000,163.00000,44302117
GAZP,D,20101013,000000,163.86000,165.03000,162.84000,164.74000,57311591
GAZP,D,20101014,000000,165.53000,165.75000,161.66000,162.30000,56195281
GAZP,D,20101015,000000,162.35000,163.12000,160.63000,161.00000,44072759
GAZP,D,20101018,000000,160.24000,163.60000,159.72000,163.40000,51360780
GAZP,D,20101019,000000,163.39000,164.67000,161.52000,162.27000,57126626
GAZP,D,20101020,000000,161.47000,162.87000,160.53000,161.90000,39951196
GAZP,D,20101021,000000,162.11000,165.98000,161.06000,165.80000,76097438
GAZP,D,20101022,000000,165.30000,169.70000,164.56000,168.49000,80826770
GAZP,D,20101025,000000,170.01000,171.40000,169.21000,169.62000,76302827
GAZP,D,20101026,000000,169.55000,169.97000,167.35000,168.45000,50388722
GAZP,D,20101027,000000,168.15000,168.50000,167.00000,167.02000,42794681
GAZP,D,20101028,000000,167.71000,169.50000,166.50000,167.17000,46129940
GAZP,D,20101029,000000,166.82000,170.47000,166.56000,168.89000,50896413
GAZP,D,20101101,000000,169.99000,171.40000,169.40000,169.89000,46087533
GAZP,D,20101102,000000,169.93000,170.50000,168.95000,170.16000,28573798
GAZP,D,20101103,000000,170.26000,171.00000,169.56000,170.19000,33887892
GAZP,D,20101108,000000,174.38000,175.35000,173.60000,174.20000,62888228
GAZP,D,20101109,000000,174.02000,177.44000,174.02000,176.10000,70927999
GAZP,D,20101110,000000,175.04000,175.51000,173.10000,174.47000,54807302
GAZP,D,20101111,000000,175.39000,175.74000,172.36000,172.60000,42875766
GAZP,D,20101112,000000,170.99000,172.80000,169.90000,171.88000,46123354
GAZP,D,20101113,000000,171.18000,171.91000,170.62000,171.69000,13316997
GAZP,D,20101115,000000,172.00000,173.20000,170.57000,171.79000,35088226
GAZP,D,20101116,000000,170.82000,170.85000,168.48000,169.57000,37314860
GAZP,D,20101117,000000,168.45000,170.19000,167.66000,168.81000,40258848
GAZP,D,20101118,000000,169.57000,170.70000,169.20000,170.70000,33926359
GAZP,D,20101119,000000,170.69000,172.30000,169.23000,172.20000,43812677
GAZP,D,20101122,000000,172.98000,174.09000,169.52000,169.71000,56322495
GAZP,D,20101123,000000,168.97000,169.50000,166.90000,167.70000,47873576
GAZP,D,20101124,000000,168.20000,170.50000,165.60000,170.32000,65358337
GAZP,D,20101125,000000,170.50000,173.78000,169.60000,172.60000,62109192
GAZP,D,20101126,000000,171.83000,175.10000,171.71000,174.49000,76524288
GAZP,D,20101129,000000,175.50000,176.37000,172.20000,173.03000,55407889
GAZP,D,20101130,000000,173.66000,175.00000,172.27000,174.20000,46094132
GAZP,D,20101201,000000,174.70000,183.00000,174.55000,182.49000,148081682
GAZP,D,20101202,000000,184.05000,189.74000,182.72000,189.20000,170181764
GAZP,D,20101203,000000,189.20000,193.30000,187.85000,190.70000,159431094
GAZP,D,20101206,000000,191.11000,194.55000,191.11000,194.30000,94455773
GAZP,D,20101207,000000,194.99000,196.30000,191.75000,192.95000,102870484
GAZP,D,20101208,000000,191.35000,193.60000,189.71000,190.90000,72268870
GAZP,D,20101209,000000,192.85000,193.49000,191.10000,192.83000,55623604
GAZP,D,20101210,000000,192.83000,194.15000,191.31000,192.87000,49300524
GAZP,D,20101213,000000,194.10000,196.50000,193.80000,195.80000,63397521
GAZP,D,20101214,000000,195.04000,197.75000,194.09000,197.20000,62753629
GAZP,D,20101215,000000,196.56000,198.15000,193.50000,195.56000,74594996
GAZP,D,20101216,000000,194.66000,195.26000,192.60000,193.43000,51025469
GAZP,D,20101217,000000,194.00000,196.50000,193.43000,194.11000,61446994
GAZP,D,20101220,000000,193.84000,194.90000,192.85000,194.03000,32299486
GAZP,D,20101221,000000,195.25000,196.11000,194.49000,195.52000,29012272
GAZP,D,20101222,000000,196.21000,197.84000,195.90000,197.00000,42184311
GAZP,D,20101223,000000,197.11000,197.17000,195.07000,196.01000,32028477
GAZP,D,20101224,000000,196.39000,196.55000,194.51000,195.32000,16880249
GAZP,D,20101227,000000,195.08000,195.80000,194.09000,194.90000,17073821
GAZP,D,20101228,000000,195.19000,195.32000,194.11000,194.41000,17412509
GAZP,D,20101229,000000,194.71000,195.20000,191.52000,192.50000,24168621
GAZP,D,20101230,000000,192.52000,193.98000,191.70000,193.50000,20577619
GAZP,D,20110111,000000,193.92000,194.40000,191.98000,194.15000,32734445
GAZP,D,20110112,000000,194.98000,200.95000,194.32000,200.64000,69727226
GAZP,D,20110113,000000,200.65000,202.85000,196.51000,197.40000,74213300
GAZP,D,20110114,000000,196.89000,198.84000,194.12000,195.92000,67338242
GAZP,D,20110117,000000,195.99000,199.95000,195.35000,198.70000,52545140
GAZP,D,20110118,000000,199.00000,201.35000,196.50000,198.80000,78888491
GAZP,D,20110119,000000,199.64000,200.55000,197.55000,198.12000,57791074
GAZP,D,20110120,000000,196.53000,196.69000,193.24000,194.20000,65724818
GAZP,D,20110121,000000,194.68000,195.18000,191.81000,192.71000,74665628
GAZP,D,20110124,000000,193.57000,193.60000,187.26000,189.05000,70597589
GAZP,D,20110125,000000,190.42000,192.44000,188.88000,190.00000,57640202
GAZP,D,20110126,000000,190.80000,197.50000,190.77000,197.14000,89885588
GAZP,D,20110127,000000,197.88000,202.00000,195.73000,201.30000,126860884
GAZP,D,20110128,000000,200.53000,202.24000,199.03000,199.70000,77685896
GAZP,D,20110131,000000,198.48000,198.70000,195.83000,196.98000,50887125
GAZP,D,20110201,000000,198.43000,205.00000,197.80000,204.91000,87925574
GAZP,D,20110202,000000,205.50000,211.24000,205.40000,209.51000,140814431
GAZP,D,20110203,000000,210.42000,212.90000,206.30000,207.03000,90014503
GAZP,D,20110204,000000,208.30000,213.75000,207.70000,213.30000,112591143
GAZP,D,20110207,000000,213.90000,215.20000,210.75000,213.60000,67542008
GAZP,D,20110208,000000,213.20000,216.65000,210.28000,210.40000,116194137
GAZP,D,20110209,000000,211.54000,215.45000,209.69000,215.15000,86628289
GAZP,D,20110210,000000,214.03000,214.87000,208.01000,208.22000,87342082
GAZP,D,20110211,000000,208.31000,210.30000,205.22000,208.50000,80493458
GAZP,D,20110214,000000,210.01000,211.48000,203.50000,203.51000,71882630
GAZP,D,20110215,000000,203.71000,205.20000,199.33000,199.50000,84116617
GAZP,D,20110216,000000,200.02000,200.90000,196.07000,199.40000,104428611
GAZP,D,20110217,000000,200.52000,201.13000,195.22000,195.45000,68943114
GAZP,D,20110218,000000,196.28000,197.27000,194.12000,195.50000,67867279
GAZP,D,20110221,000000,196.29000,199.36000,194.85000,198.92000,54732567
GAZP,D,20110222,000000,197.50000,198.45000,195.52000,197.80000,56384196
GAZP,D,20110224,000000,199.80000,209.30000,199.27000,208.05000,147395444
GAZP,D,20110225,000000,208.90000,211.25000,205.11000,209.30000,92056064
GAZP,D,20110228,000000,210.29000,212.75000,207.25000,210.71000,67884559
GAZP,D,20110301,000000,212.37000,214.90000,208.25000,209.48000,99433930
GAZP,D,20110302,000000,208.30000,212.15000,207.88000,212.00000,65704160
GAZP,D,20110303,000000,212.62000,215.30000,212.60000,213.54000,84652840
GAZP,D,20110304,000000,214.24000,214.88000,212.12000,212.90000,49119910
GAZP,D,20110305,000000,213.08000,214.39000,212.80000,214.12000,17906080
GAZP,D,20110309,000000,214.39000,216.12000,212.06000,214.77000,56843450
GAZP,D,20110310,000000,213.55000,214.44000,207.67000,207.95000,66812850
GAZP,D,20110311,000000,205.90000,209.88000,204.00000,209.10000,77281830
GAZP,D,20110314,000000,208.09000,217.28000,207.91000,216.25000,134332220
GAZP,D,20110315,000000,212.99000,217.65000,210.28000,217.50000,159041750
GAZP,D,20110316,000000,219.34000,224.15000,218.52000,221.81000,165679720
GAZP,D,20110317,000000,221.65000,225.84000,221.45000,224.91000,109912800
GAZP,D,20110318,000000,226.53000,226.89000,221.65000,224.10000,76465280
GAZP,D,20110321,000000,225.02000,226.15000,221.75000,222.36000,54644880
GAZP,D,20110322,000000,222.67000,223.35000,219.53000,220.32000,53503650
GAZP,D,20110323,000000,219.61000,223.70000,219.20000,223.50000,61392750
GAZP,D,20110324,000000,223.89000,225.10000,221.35000,224.30000,84739210
GAZP,D,20110325,000000,224.87000,225.19000,222.36000,222.81000,54964450
GAZP,D,20110328,000000,223.01000,225.72000,222.89000,225.50000,54259690
GAZP,D,20110329,000000,225.90000,226.17000,222.51000,224.01000,59590940
GAZP,D,20110330,000000,225.51000,229.50000,225.37000,229.32000,79777480
GAZP,D,20110331,000000,229.38000,230.44000,228.30000,229.09000,70108740
GAZP,D,20110401,000000,229.10000,235.40000,228.06000,235.10000,77619810
GAZP,D,20110404,000000,235.98000,240.75000,235.17000,237.70000,101744410
GAZP,D,20110405,000000,238.46000,239.30000,235.55000,238.72000,71036250
GAZP,D,20110406,000000,239.09000,241.95000,237.01000,239.40000,70836160
GAZP,D,20110407,000000,238.30000,240.23000,236.54000,238.00000,63420600
GAZP,D,20110408,000000,239.67000,243.70000,239.12000,243.20000,75461620
GAZP,D,20110411,000000,243.51000,247.47000,241.77000,244.00000,93008010
GAZP,D,20110412,000000,240.70000,241.49000,234.46000,235.57000,101913150
GAZP,D,20110413,000000,236.17000,237.29000,232.77000,235.07000,87416010
GAZP,D,20110414,000000,234.64000,234.67000,226.90000,228.87000,80224520
GAZP,D,20110415,000000,228.63000,231.78000,227.14000,227.60000,80757900
GAZP,D,20110418,000000,227.70000,228.90000,217.00000,218.91000,90891410
GAZP,D,20110419,000000,221.22000,225.80000,220.70000,225.69000,73437740
GAZP,D,20110420,000000,227.40000,231.29000,227.05000,230.51000,73440720
GAZP,D,20110421,000000,233.11000,235.00000,231.59000,235.00000,76105300
GAZP,D,20110422,000000,235.35000,237.27000,235.00000,236.89000,27708770
GAZP,D,20110425,000000,238.03000,239.77000,233.55000,233.90000,60932270
GAZP,D,20110426,000000,232.73000,235.28000,228.70000,232.14000,69203150
GAZP,D,20110427,000000,234.25000,234.85000,229.10000,231.90000,63618580
GAZP,D,20110428,000000,235.01000,235.60000,229.63000,231.90000,63313250
GAZP,D,20110429,000000,230.74000,232.69000,228.15000,231.78000,37402850
GAZP,D,20110503,000000,231.02000,232.00000,220.89000,221.64000,64528250
GAZP,D,20110504,000000,222.10000,223.00000,211.12000,212.44000,113979210
GAZP,D,20110505,000000,213.61000,215.45000,205.12000,208.80000,109274770
GAZP,D,20110506,000000,206.32000,213.05000,204.70000,211.68000,110261810
GAZP,D,20110510,000000,210.68000,215.67000,210.13000,214.00000,72594000
GAZP,D,20110511,000000,215.27000,217.19000,209.02000,210.00000,69701490
GAZP,D,20110512,000000,208.21000,208.48000,201.25000,203.12000,87211980
GAZP,D,20110513,000000,204.01000,204.87000,200.62000,201.08000,67509790
GAZP,D,20110516,000000,199.28000,202.00000,196.38000,198.49000,80073440
GAZP,D,20110517,000000,198.61000,200.49000,196.00000,198.50000,61193010
GAZP,D,20110518,000000,200.90000,203.00000,199.00000,202.85000,59667360
GAZP,D,20110519,000000,203.30000,206.16000,200.57000,201.36000,80181340
GAZP,D,20110520,000000,202.00000,203.80000,195.60000,196.90000,74753650
GAZP,D,20110523,000000,194.99000,195.37000,190.05000,190.30000,72338120
GAZP,D,20110524,000000,191.34000,195.95000,191.30000,195.50000,64612870
GAZP,D,20110525,000000,193.44000,196.99000,192.50000,196.77000,69555810
GAZP,D,20110526,000000,198.17000,199.24000,194.20000,195.00000,77171420
GAZP,D,20110527,000000,196.69000,202.50000,195.77000,201.82000,83415690
GAZP,D,20110530,000000,201.80000,204.40000,201.47000,203.89000,32136910
GAZP,D,20110531,000000,205.22000,207.75000,203.95000,204.02000,65101970
GAZP,D,20110601,000000,205.42000,206.60000,203.13000,203.48000,62583320
GAZP,D,20110602,000000,200.67000,202.30000,198.56000,201.68000,74500160
GAZP,D,20110603,000000,201.40000,203.00000,195.11000,196.55000,82865600
GAZP,D,20110606,000000,196.50000,197.41000,194.07000,195.97000,53736200
GAZP,D,20110607,000000,195.57000,204.90000,195.15000,204.67000,91268730
GAZP,D,20110608,000000,204.00000,208.75000,202.10000,207.11000,86341060
GAZP,D,20110609,000000,207.66000,212.49000,206.18000,211.92000,90296030
GAZP,D,20110610,000000,211.00000,211.38000,207.30000,209.21000,73626670
GAZP,D,20110614,000000,210.60000,211.25000,207.37000,208.24000,48615700
GAZP,D,20110615,000000,208.37000,210.49000,205.60000,206.00000,67304760
GAZP,D,20110616,000000,203.57000,205.49000,201.65000,204.60000,70556820
GAZP,D,20110617,000000,203.49000,203.95000,198.18000,200.80000,82459700
GAZP,D,20110620,000000,199.29000,200.77000,197.80000,199.00000,47818710
GAZP,D,20110621,000000,200.67000,202.19000,199.78000,200.95000,41605190
GAZP,D,20110622,000000,201.55000,202.87000,198.50000,202.54000,56933770
GAZP,D,20110623,000000,200.76000,201.67000,195.90000,195.95000,76354160
GAZP,D,20110624,000000,200.00000,201.37000,198.44000,199.22000,74379840
GAZP,D,20110627,000000,198.51000,199.84000,195.60000,196.29000,61111400
GAZP,D,20110628,000000,197.45000,199.05000,195.80000,199.05000,63838180
GAZP,D,20110629,000000,199.77000,202.39000,199.25000,201.51000,64539330
GAZP,D,20110630,000000,202.22000,204.57000,201.60000,203.87000,52947800
GAZP,D,20110701,000000,203.56000,206.31000,202.08000,205.00000,57651460
GAZP,D,20110704,000000,205.90000,205.94000,204.00000,205.24000,29394920
GAZP,D,20110705,000000,204.44000,205.02000,202.35000,203.60000,43552960
GAZP,D,20110706,000000,204.10000,204.43000,201.21000,201.56000,42489750
GAZP,D,20110707,000000,203.30000,208.16000,203.30000,207.70000,67508760
GAZP,D,20110708,000000,207.11000,208.78000,203.70000,205.44000,65007130
GAZP,D,20110711,000000,204.30000,204.75000,201.51000,201.94000,38177210
GAZP,D,20110712,000000,200.61000,202.20000,198.08000,201.59000,57917900
GAZP,D,20110713,000000,202.06000,203.98000,199.74000,202.95000,54208480
GAZP,D,20110714,000000,201.77000,203.00000,200.00000,201.00000,52537400
GAZP,D,20110715,000000,200.19000,202.20000,198.88000,201.60000,53930090
GAZP,D,20110718,000000,201.36000,202.30000,197.79000,197.95000,41802170
GAZP,D,20110719,000000,198.97000,200.30000,198.54000,199.90000,34411850
GAZP,D,20110720,000000,201.18000,202.19000,200.20000,200.30000,38675090
GAZP,D,20110721,000000,200.82000,203.77000,198.30000,203.70000,66030160
GAZP,D,20110722,000000,204.33000,204.90000,202.07000,202.70000,48161410
GAZP,D,20110725,000000,200.89000,201.75000,199.25000,201.21000,42976600
GAZP,D,20110726,000000,201.21000,202.79000,200.36000,201.40000,40441560
GAZP,D,20110727,000000,201.60000,203.04000,199.77000,199.88000,49690220
GAZP,D,20110728,000000,199.61000,202.35000,199.14000,202.10000,41875560
GAZP,D,20110729,000000,200.51000,201.54000,198.40000,199.44000,44882660
GAZP,D,20110801,000000,202.51000,204.67000,201.57000,202.09000,55482910
GAZP,D,20110802,000000,201.60000,201.80000,199.53000,200.51000,43999890
GAZP,D,20110803,000000,198.80000,198.90000,192.47000,193.00000,75547030
GAZP,D,20110804,000000,194.55000,194.99000,186.86000,187.00000,89305020
GAZP,D,20110805,000000,180.11000,184.95000,176.68000,181.80000,146960560
GAZP,D,20110808,000000,175.31000,179.45000,169.50000,169.90000,108643310
GAZP,D,20110809,000000,162.88000,169.90000,154.05000,166.70000,185821920
GAZP,D,20110810,000000,170.50000,170.84000,156.84000,157.70000,126407710
GAZP,D,20110811,000000,161.54000,165.58000,153.11000,164.99000,163266030
GAZP,D,20110812,000000,166.39000,170.65000,162.21000,169.50000,120148770
GAZP,D,20110815,000000,171.60000,174.80000,170.85000,174.41000,64257400
GAZP,D,20110816,000000,172.47000,172.49000,168.73000,171.10000,73596450
GAZP,D,20110817,000000,171.66000,176.43000,169.42000,175.50000,65130520
GAZP,D,20110818,000000,172.94000,173.79000,166.10000,169.65000,75157020
GAZP,D,20110819,000000,166.25000,170.50000,161.51000,169.56000,107512170
GAZP,D,20110822,000000,166.90000,169.90000,165.39000,168.95000,74827020
GAZP,D,20110823,000000,170.35000,171.28000,167.37000,169.12000,67750770
GAZP,D,20110824,000000,170.64000,174.29000,169.00000,173.50000,72353580
GAZP,D,20110825,000000,173.71000,175.43000,170.10000,170.78000,65393810
GAZP,D,20110826,000000,171.80000,173.00000,168.85000,172.80000,67854880
GAZP,D,20110829,000000,174.80000,178.06000,174.33000,177.73000,46962280
GAZP,D,20110830,000000,178.25000,179.15000,175.92000,177.18000,59189960
GAZP,D,20110831,000000,178.24000,179.40000,176.27000,178.08000,63838170
GAZP,D,20110901,000000,177.89000,178.79000,174.17000,177.35000,65931270
GAZP,D,20110902,000000,175.12000,176.30000,170.65000,171.00000,61358900
GAZP,D,20110905,000000,169.25000,170.67000,167.08000,169.61000,52690870
GAZP,D,20110906,000000,167.92000,171.52000,167.43000,167.94000,61043810
GAZP,D,20110907,000000,171.03000,174.45000,170.71000,174.01000,59394390
GAZP,D,20110908,000000,174.37000,175.98000,172.51000,175.00000,53412290
GAZP,D,20110909,000000,174.11000,174.20000,168.29000,168.79000,65408740
GAZP,D,20110912,000000,166.14000,166.88000,162.36000,165.50000,69679240
GAZP,D,20110913,000000,167.04000,167.90000,162.02000,164.11000,75898900
GAZP,D,20110914,000000,163.00000,167.73000,162.17000,165.88000,61814400
GAZP,D,20110915,000000,168.16000,170.05000,165.80000,166.00000,94583460
GAZP,D,20110916,000000,167.73000,167.92000,163.36000,164.50000,53891620
GAZP,D,20110919,000000,163.40000,165.74000,162.50000,163.40000,49897500
GAZP,D,20110920,000000,163.29000,166.85000,163.29000,166.23000,51581660
GAZP,D,20110921,000000,165.80000,167.25000,164.22000,164.45000,42107380
GAZP,D,20110922,000000,161.50000,161.67000,152.32000,152.66000,104196030
GAZP,D,20110923,000000,151.10000,153.33000,145.50000,151.25000,144283790
GAZP,D,20110926,000000,148.70000,156.64000,146.33000,154.50000,97034010
GAZP,D,20110927,000000,157.97000,158.95000,156.00000,157.00000,57169050
GAZP,D,20110928,000000,155.42000,156.29000,153.80000,155.02000,63982310
GAZP,D,20110929,000000,153.58000,160.20000,152.55000,158.81000,64167040
GAZP,D,20110930,000000,158.11000,158.78000,151.81000,155.90000,83246500
GAZP,D,20111003,000000,152.44000,154.83000,150.18000,153.52000,61703100
GAZP,D,20111004,000000,151.92000,155.18000,142.30000,144.59000,94141260
GAZP,D,20111005,000000,148.11000,148.40000,139.40000,142.71000,82530220
GAZP,D,20111006,000000,144.85000,151.40000,144.65000,150.23000,86337190
GAZP,D,20111007,000000,152.23000,153.14000,149.45000,151.00000,75451470
GAZP,D,20111010,000000,151.97000,154.95000,149.12000,154.20000,57742480
GAZP,D,20111011,000000,154.88000,155.20000,150.82000,153.00000,67553640
GAZP,D,20111012,000000,152.50000,161.70000,152.23000,161.25000,88782510
GAZP,D,20111013,000000,160.56000,164.52000,156.80000,158.07000,95771050
GAZP,D,20111014,000000,159.51000,163.80000,158.24000,162.86000,78587590
GAZP,D,20111017,000000,164.32000,168.36000,158.96000,160.37000,100347870
GAZP,D,20111018,000000,158.32000,163.79000,157.09000,161.90000,80512700
GAZP,D,20111019,000000,163.01000,164.74000,160.08000,163.18000,77579760
GAZP,D,20111020,000000,160.84000,164.50000,159.85000,162.60000,58300150
GAZP,D,20111021,000000,163.30000,166.20000,161.22000,166.01000,49821360
GAZP,D,20111024,000000,167.07000,170.45000,166.08000,170.00000,61705500
GAZP,D,20111025,000000,169.70000,171.01000,166.21000,168.38000,69453930
GAZP,D,20111026,000000,167.70000,179.50000,167.36000,177.10000,130669010
GAZP,D,20111027,000000,181.03000,187.39000,181.00000,185.80000,128481900
GAZP,D,20111028,000000,187.20000,190.24000,182.65000,185.00000,96701430
GAZP,D,20111031,000000,183.10000,184.10000,178.81000,179.20000,60452330
GAZP,D,20111101,000000,176.90000,178.30000,170.30000,174.80000,105496800
GAZP,D,20111102,000000,175.90000,183.87000,175.43000,182.59000,130278830
GAZP,D,20111103,000000,180.35000,185.43000,175.40000,183.23000,127800790
GAZP,D,20111107,000000,184.05000,188.05000,179.35000,183.47000,80700750
GAZP,D,20111108,000000,183.60000,185.78000,182.58000,183.25000,68997000
GAZP,D,20111109,000000,184.89000,185.55000,178.30000,180.96000,100982510
GAZP,D,20111110,000000,178.40000,184.96000,177.02000,183.11000,83675980
GAZP,D,20111111,000000,184.55000,184.60000,179.70000,183.50000,57069150
GAZP,D,20111114,000000,184.95000,186.45000,182.35000,182.70000,56409350
GAZP,D,20111115,000000,182.70000,186.50000,180.84000,185.99000,92657800
GAZP,D,20111116,000000,184.42000,189.72000,182.91000,187.70000,91764830
GAZP,D,20111117,000000,187.20000,188.87000,181.76000,184.00000,96251200
GAZP,D,20111118,000000,181.00000,182.39000,179.93000,180.01000,57084100
GAZP,D,20111121,000000,177.97000,178.19000,168.92000,169.75000,80749970
GAZP,D,20111122,000000,170.05000,173.78000,167.81000,169.00000,72536120
GAZP,D,20111123,000000,167.00000,171.95000,165.88000,167.70000,85377260
GAZP,D,20111124,000000,167.34000,169.68000,165.66000,166.00000,40949750
GAZP,D,20111125,000000,165.33000,166.69000,161.84000,166.28000,62828020
GAZP,D,20111128,000000,168.08000,172.03000,167.80000,171.98000,61304450
GAZP,D,20111129,000000,172.98000,173.99000,170.22000,170.89000,54921520
GAZP,D,20111130,000000,170.30000,175.87000,168.40000,174.90000,85534780
GAZP,D,20111201,000000,176.11000,184.40000,175.01000,181.49000,136487040
GAZP,D,20111202,000000,183.00000,186.69000,180.07000,183.52000,114150040
GAZP,D,20111205,000000,183.85000,185.45000,182.06000,184.60000,44441980
GAZP,D,20111206,000000,183.00000,184.45000,174.43000,175.57000,106387430
GAZP,D,20111207,000000,176.49000,177.09000,172.41000,174.70000,101030530
GAZP,D,20111208,000000,175.99000,179.92000,175.58000,177.20000,87397230
GAZP,D,20111209,000000,173.99000,173.99000,170.00000,170.45000,90744780
GAZP,D,20111212,000000,172.50000,173.50000,163.80000,164.42000,80724270
GAZP,D,20111213,000000,163.93000,168.15000,160.10000,166.86000,92801500
GAZP,D,20111214,000000,165.66000,170.46000,164.12000,164.90000,81369690
GAZP,D,20111215,000000,162.51000,172.18000,161.86000,170.97000,100626080
GAZP,D,20111216,000000,172.09000,173.41000,169.07000,169.51000,63872090
GAZP,D,20111219,000000,168.37000,168.38000,165.56000,166.30000,53501640
GAZP,D,20111220,000000,165.85000,172.97000,163.55000,172.55000,74513120
GAZP,D,20111221,000000,173.48000,173.95000,169.00000,169.78000,73895200
GAZP,D,20111222,000000,169.89000,171.89000,168.31000,170.82000,46503050
GAZP,D,20111223,000000,171.52000,172.50000,169.27000,169.71000,34963200
GAZP,D,20111226,000000,170.59000,171.68000,169.50000,171.53000,19969730
GAZP,D,20111227,000000,171.40000,171.69000,168.89000,170.75000,21486710
GAZP,D,20111228,000000,170.12000,171.49000,169.15000,169.47000,23370920
GAZP,D,20111229,000000,168.77000,170.77000,165.34000,170.60000,37801180
GAZP,D,20111230,000000,170.90000,172.13000,169.06000,171.36000,24601610
GAZP,D,20120103,000000,172.53000,177.60000,172.22000,177.50000,24847160
GAZP,D,20120104,000000,177.55000,178.10000,175.00000,176.91000,25240160
GAZP,D,20120105,000000,177.01000,179.37000,175.40000,177.20000,36916460
GAZP,D,20120106,000000,177.00000,178.72000,176.11000,176.20000,21350190
GAZP,D,20120109,000000,175.95000,177.57000,174.33000,177.27000,25066970
GAZP,D,20120110,000000,177.92000,179.99000,177.51000,179.61000,43932230
GAZP,D,20120111,000000,178.86000,179.40000,176.38000,178.10000,46132590
GAZP,D,20120112,000000,178.48000,180.82000,177.04000,177.74000,55222270
GAZP,D,20120113,000000,178.30000,179.60000,177.28000,178.84000,41619000
GAZP,D,20120116,000000,177.45000,178.83000,175.85000,178.50000,30826390
GAZP,D,20120117,000000,179.67000,182.28000,179.17000,181.80000,52633950
GAZP,D,20120118,000000,181.32000,183.20000,180.00000,182.90000,45348620
GAZP,D,20120119,000000,183.85000,186.29000,182.82000,185.50000,64519060
GAZP,D,20120120,000000,186.05000,186.68000,183.05000,183.48000,47926660
GAZP,D,20120123,000000,183.40000,184.83000,180.77000,184.34000,47075910
GAZP,D,20120124,000000,183.70000,184.50000,181.97000,183.28000,37620360
GAZP,D,20120125,000000,184.40000,186.25000,184.25000,185.70000,37697120
GAZP,D,20120126,000000,186.97000,187.43000,184.14000,185.25000,54812550
GAZP,D,20120127,000000,184.50000,185.80000,182.30000,182.50000,40199360
GAZP,D,20120130,000000,181.63000,183.58000,181.03000,181.75000,37307980
GAZP,D,20120131,000000,183.00000,184.47000,181.90000,183.80000,39601460
GAZP,D,20120201,000000,183.00000,186.75000,182.60000,185.54000,44102020
GAZP,D,20120202,000000,186.30000,187.45000,185.50000,187.35000,50719260
GAZP,D,20120203,000000,187.00000,189.90000,186.04000,189.70000,47833720
GAZP,D,20120206,000000,189.90000,191.11000,188.50000,189.80000,39955930
GAZP,D,20120207,000000,190.17000,191.09000,187.85000,188.20000,39757800
GAZP,D,20120208,000000,189.33000,190.90000,188.30000,188.77000,42479550
GAZP,D,20120209,000000,189.20000,190.24000,187.21000,188.79000,46650250
GAZP,D,20120210,000000,187.91000,189.37000,186.85000,188.16000,40215910
GAZP,D,20120213,000000,189.20000,192.20000,189.02000,192.00000,42828420
GAZP,D,20120214,000000,191.64000,193.35000,190.57000,191.51000,44470850
GAZP,D,20120215,000000,192.99000,193.69000,191.20000,191.70000,40584070
GAZP,D,20120216,000000,190.14000,190.38000,188.03000,190.00000,45687090
GAZP,D,20120217,000000,191.90000,192.27000,189.10000,189.70000,32727910
GAZP,D,20120220,000000,191.07000,191.60000,190.50000,191.00000,20540730
GAZP,D,20120221,000000,190.98000,191.12000,188.33000,188.80000,30160340
GAZP,D,20120222,000000,189.30000,190.79000,186.73000,187.00000,36121140
GAZP,D,20120224,000000,188.64000,194.40000,187.61000,193.85000,60770690
GAZP,D,20120227,000000,193.07000,196.00000,192.76000,193.10000,51197300
GAZP,D,20120228,000000,194.30000,194.50000,190.70000,191.37000,42951510
GAZP,D,20120229,000000,192.40000,194.49000,192.11000,194.09000,42613830
GAZP,D,20120301,000000,192.65000,194.27000,191.76000,194.01000,31445480
GAZP,D,20120302,000000,194.74000,195.89000,193.24000,195.85000,39963460
GAZP,D,20120305,000000,195.89000,199.89000,195.83000,199.82000,46873560
GAZP,D,20120306,000000,198.67000,198.90000,192.12000,193.00000,56027960
GAZP,D,20120307,000000,192.25000,194.96000,191.00000,194.00000,40570180
GAZP,D,20120311,000000,196.57000,197.88000,196.11000,197.53000,14143440
GAZP,D,20120312,000000,196.77000,199.13000,195.69000,197.39000,39391380
GAZP,D,20120313,000000,198.30000,198.80000,196.81000,197.25000,34305460
GAZP,D,20120314,000000,199.55000,199.89000,198.03000,198.53000,43972420
GAZP,D,20120315,000000,197.99000,200.80000,196.70000,199.20000,61484610
GAZP,D,20120316,000000,199.30000,199.30000,196.73000,197.01000,26496520
GAZP,D,20120319,000000,197.86000,198.59000,190.60000,190.77000,58814290
GAZP,D,20120320,000000,191.40000,192.00000,189.86000,191.80000,7004880
